2000
-607783 0
-776648 0
-505466 0
-2 0
-892462 0
37784 75572
-290147 870450
-1 0
649437 0
-941687 941688
-232219 696666
-3 4
0 9
-555280 555281
55287 221164
382250 0
-32247 64498
-999483 999484
543123 0
-298245 298246
-18894 909216
1 2
-15905 0
32306 0
-88635 177274
2 0
18993 37990
-1 6
-731084 731085
0 1
382466 382467
0 1
535244 0
-544024 544025
-1 0
1 12
-19788 59373
-164899 494706
-405904 811812
-908545 908546
-2 0
-833171 0
-141394 141395
-971173 971174
-845976 0
-283338 283339
-214714 644151
-736040 736041
2 8
-373505 0
-14360 345216
-409008 0
51201 204820
770848 770849
-1 0
900406 900407
-98927 296790
-97717 195438
85925 257784
3 4
-246394 492792
384815 0
-536041 536042
464591 0
-634462 634463
-345566 0
-228686 686067
-444054 0
2 8
-694452 0
-1 0
70389 70390
-67166 873327
1 0
1 6
1787 58208
-2 3
1 12
82577 0
-14633 660510
0 4
-2 8
311835 935514
-404203 0
-709016 0
-484094 968192
-86975 173954
-712362 0
790874 0
308072 924225
365367 730738
1 12
-86695 0
0 9
126850 126851
-15425 46284
1 0
98909 197822
-654130 0
-347704 0
1 2
1 6
-888854 0
0 1
-136719 546892
182916 731680
-1 6
-509079 0
330667 992010
3 4
342274 0
394029 0
520219 520220
59832 119668
0 16
-292248 584500
-251037 753120
-1 0
2 8
0 1
-26687 641064
4 0
628584 0
0 16
964389 964390
-2 0
-303037 909120
-841733 841734
-146778 293560
-264743 794238
-2 8
1 12
-4 0
-134733 0
523326 523327
1 12
-331890 0
-449519 0
593911 0
2 0
560947 560948
21084 84352
-751683 0
201491 0
210779 632346
-1 2
324453 0
24888 74673
1 6
113294 0
487502 0
-738368 738369
-2 0
212955 0
1 0
-168866 168867
155402 0
325111 325112
-181170 543519
-3 0
-892287 892288
-1 12
-66850 267416
410126 410127
72247 216750
386908 0
714296 0
1 0
-854982 0
306679 0
180506 180507
-618668 0
-296486 889467
-75728 227193
230797 923204
816558 816559
298724 0
-1 6
-90261 361060
-865873 0
-49046 196200
-1 6
-152284 152285
-628288 0
-325049 0
-2 0
1 0
3 0
-614724 614725
-258058 774183
-46684 46685
-186581 559752
-825324 0
-1 12
623690 0
504645 504646
-100709 402852
0 9
-806489 0
762253 762254
-294036 882117
2 8
-673274 0
-972096 972097
817819 817820
-147875 295754
316555 633114
224639 898572
-512872 0
4 0
-722430 0
-4 0
-572387 572388
-611678 0
-489051 978106
906549 0
783641 783642
-673936 673937
81516 163036
255416 766257
-395733 395734
3 4
877653 0
-279602 0
275561 0
0 9
1 2
333933 0
-287742 863235
-751845 751846
-1 0
11576 11577
991634 0
-532685 532686
576751 0
-750984 0
-1 12
-674265 674266
459973 0
-2 3
19746 0
-339603 0
-114964 0
-2 3
0 1
131013 0
1 12
-1 12
543254 543255
-1 2
986201 0
-642892 0
242761 728292
-899221 899222
-1 0
-172578 690328
-1 0
469841 469842
847368 0
-2 0
569695 569696
-288423 288424
2 0
-43865 131604
-710859 710860
997903 0
-739208 739209
-365098 0
-1 0
482201 0
-2 8
-838666 838667
-172935 518814
-418855 0
557665 557666
163692 982188
-184569 553716
4944 19792
-1 2
-1 0
643833 643834
-129108 516448
-211669 846692
-458654 0
1 6
27391 740286
-526839 526840
722756 0
-3 4
-240866 0
-722792 722793
478423 0
562838 0
57383 57384
77474 309912
3 0
-42306 169240
-2 3
-255104 765321
-232952 0
801571 0
-166455 665836
-306308 0
453205 453206
-283196 0
763709 0
-214735 644214
548560 548561
667832 667833
232844 931392
2 8
-863203 0
420754 0
780661 0
-595160 595161
-704513 0
-408551 0
960470 960471
383681 767366
4 0
923136 923137
-487422 487423
-110628 331893
732031 732032
511923 511924
485713 971430
1 12
844530 0
-165836 165837
11545 440154
-5602 523848
947066 947067
102057 102058
110923 332778
-677572 0
1 6
-663914 0
-374188 748380
-207603 0
-190983 763948
-151264 0
-69736 0
159469 159470
1 12
-416549 416550
-1 12
-592181 592182
-598982 598983
-1 2
-226751 907020
172467 0
-467858 935720
-3 4
-2 3
63948 191853
774755 0
396451 792906
0 9
224133 896548
-375432 0
-581052 581053
-2 3
-129208 0
-161598 0
972776 972777
4 0
-124768 374313
-312941 938832
-234376 937520
-531202 0
202911 811660
190418 761688
-1 12
-3 0
433436 0
-2 8
-741381 741382
189157 189158
432418 0
-521073 521074
-3 0
-1 2
394769 789542
-722389 722390
1 2
850899 850900
-228539 685626
366676 733356
-882279 882280
-169155 169156
-109330 437336
930553 930554
-1 0
0 4
3 0
-8775 8776
-116451 465820
223910 895656
864089 0
-2 8
629734 0
-362643 0
-282490 282491
601892 0
-2 3
-224193 672588
-30738 122968
8983 0
-627952 0
-946603 0
2 3
-368687 368688
-529954 529955
313017 313018
-312352 0
812004 812005
485809 485810
1 12
892065 892066
-898834 0
-346018 0
-613348 613349
-63502 254024
-1 12
-234155 468314
71605 143214
-844995 0
-486698 486699
1 0
4 0
-1 12
-89071 267222
744517 744518
-254870 254871
-3 4
273706 273707
2 0
902838 0
-865992 0
440345 440346
-570688 0
29963 119868
-544587 0
26227 78690
321808 0
-17955 233584
0 9
3 4
-293864 881601
62042 186135
2 0
519284 519285
2 3
-1 6
-90390 271179
-3 0
-477636 955276
2 3
-252467 757410
304384 0
-942871 0
-398705 398706
-856613 856614
1 12
-4 0
611776 0
3 0
-20434 0
766345 766346
-397758 795520
-56019 784462
-783563 783564
328380 985149
1 0
2 3
-32274 807475
-3 0
-1 0
579525 579526
762026 0
-859855 859856
-999837 999838
-821799 0
1 12
-1 0
-958661 0
-129915 129916
-4 0
1 6
61519 246092
2 3
-2 3
-672831 0
887181 887182
-688210 688211
-184613 738468
-259828 779493
0 9
-868504 0
-345821 0
648281 0
-3 0
-3 0
-174708 698848
894572 0
-2 8
0 16
482603 482604
-113580 681516
38978 38979
-61021 61022
-86850 173704
154617 309238
0 1
-481511 963026
-187450 187451
343056 686116
-296352 889065
-433907 867818
918131 0
281908 845733
-843556 843557
0 1
-2 0
93515 187034
999512 0
952694 0
-801927 801928
232407 0
-816505 816506
-240512 481028
-25365 101476
1 12
-2 3
201384 805552
0 4
540126 540127
2 8
447786 447787
-1 12
600371 0
176987 707964
579107 579108
-2 8
2 3
-722102 722103
728267 728268
-800386 800387
2 8
-367567 367568
393130 0
-106156 318477
-1 2
1 2
622432 622433
251517 251518
1 6
-1 2
938154 938155
-726135 0
1 6
750415 0
3 4
1 0
813075 813076
577054 0
370852 370853
-920303 920304
899318 0
200445 200446
71689 71690
74466 297880
1 12
-352211 352212
-23862 95464
-466665 466666
-115517 346560
386427 772858
-559502 559503
-29711 832692
-748524 748525
-353490 353491
806605 806606
-521762 521763
632030 0
39145 156596
-739761 0
865033 0
212044 0
78592 235785
-1 6
-170164 510501
-4 0
83430 83431
908516 908517
2 0
1 6
-334870 0
112712 338145
-160147 640604
-539886 0
673550 0
315745 315746
-1 2
348686 0
205773 823108
738986 738987
743814 743815
-2 3
848572 848573
-2 0
-995126 0
1 0
-523293 0
14019 604666
63653 190968
0 1
3 4
263298 789903
952047 952048
321565 321566
-1 6
852825 0
665868 0
-2 0
0 4
989602 0
0 4
3 4
211075 844316
989573 0
-95158 190320
1 0
0 16
-740573 740574
165639 662572
-1809 225342
-39168 78340
-258555 775674
529048 529049
-614055 0
-720262 0
610172 0
0 4
122583 367758
-881643 0
776451 776452
-384387 0
-956961 956962
333443 333444
1 12
194606 0
0 1
-4 0
77315 309276
137799 275602
-125365 501476
382293 382294
-682945 0
2 0
718864 718865
-899928 899929
-105079 420332
936512 936513
-52698 105400
384792 0
-206145 824596
-832114 832115
925258 925259
-952861 952862
-1 2
0 9
131383 262770
-770264 770265
425472 850948
-172185 688756
-1 0
-935078 0
-790708 0
-259430 259431
1 12
-319384 638772
4 0
724733 724734
273988 0
-513302 513303
-40071 641392
192679 770732
0 9
668676 0
501748 501749
2 0
-2 8
-2 0
-4 0
-3 4
937321 0
-176885 530664
916046 916047
-960628 0
2 3
-84085 168174
-1 2
892450 0
-569581 0
-717800 717801
888790 0
-210171 840700
-545542 545543
-1 6
89570 358296
-239315 957276
-543611 543612
-843883 0
-56450 169359
179502 359008
-3 0
-289660 868989
-857813 0
-204304 612921
-82211 328860
-968873 0
991636 991637
338797 677598
987874 0
-3 0
-125533 376608
1 6
-224684 674061
6549 6550
719482 719483
-814092 814093
-457336 0
-70004 140012
-871735 871736
16211 64860
-2648 10608
134172 402525
894742 0
4 0
526184 526185
-4380 13149
477159 954322
-788744 0
-4 0
-133324 266652
170258 340520
-482957 0
649380 0
-32798 196824
-161128 322260
-418371 418372
-470062 470063
1 12
-368547 737098
-297827 595658
-16504 33012
428188 856380
-896218 896219
0 9
796853 796854
0 16
427200 854404
66175 463274
-945580 0
23228 0
-239596 718797
982452 982453
3 4
54013 378140
-464784 464785
-1 12
-848504 0
412658 412659
-395026 790056
1 12
-1 6
-1 0
515080 515081
744895 744896
498924 498925
-2 3
-694771 694772
696264 696265
957718 957719
-1 12
358900 358901
-273790 821379
494078 494079
872058 0
-1 6
2 8
-439975 879954
-855012 855013
342699 685402
-40364 161472
224717 898884
233394 466792
-499945 999894
-359869 719742
-1 6
-172956 345916
122726 368187
424904 849812
171794 687192
-2 3
2 0
-153611 614460
-3 4
-2 3
-930093 0
-206528 619593
-589891 0
-110800 443216
406215 406216
-2 8
-927318 927319
-228790 915176
162208 486633
-447318 0
363883 363884
-2 0
232787 698370
870458 870459
-32275 129116
183779 367562
-354889 709782
287725 0
-3 0
988298 0
13288 13289
-191032 764144
-2 8
-447209 447210
325304 650612
-916299 0
168721 506172
-195384 0
144263 0
-183667 734684
0 4
902090 902091
-529203 0
1 0
-319510 639024
151544 0
-845433 0
-593310 0
437290 874584
-484889 484890
-134338 537368
891477 0
-92627 0
1 2
-691835 0
226651 0
-343057 343058
2 3
566267 0
93853 281568
-426986 853976
2 8
-103400 103401
0 1
4 0
1 0
-1 12
-3 0
811885 811886
523311 0
391356 0
-827773 827774
-1 6
-844246 0
-30 136
2 8
-1 6
751344 0
-203889 611676
-1 6
1 6
439638 439639
-375871 751746
654562 0
-607405 607406
-440622 881248
166266 332536
2 8
2 0
-25430 76299
762923 0
-532878 0
2 0
58384 233552
375799 751602
765607 0
40404 565852
-8556 34240
3 0
1 2
236805 236806
-109339 328026
2 8
1 6
-509004 0
2 3
53240 0
-932695 0
-282205 846624
-544815 0
799150 799151
-37504 112521
-119379 477532
421061 0
953624 0
621324 0
-297185 594374
3 4
776580 776581
331131 993402
-448640 897284
226437 679320
-913096 0
-314645 629294
-2 3
2 0
422594 845192
870731 0
699633 699634
859259 0
4 0
258183 258184
-229639 229640
92011 828180
2 0
-78978 710883
922057 922058
0 9
-971445 0
352 353
-794344 794345
-180300 721216
719963 719964
111789 111790
-131326 262656
1 6
-335172 670348
4 0
-187231 561702
-444880 889764
756300 0
-3 4
0 4
-450848 450849
-587150 587151
-661557 0
0 1
144606 144607
-4 0
-2 3
889929 889930
2 8
0 16
-858333 0
284210 568424
883155 883156
137673 0
-285962 857895
-330996 330997
1 12
-990999 0
1 12
-27251 982332
2 3
419170 838344
-404179 808362
-619851 0
-949408 0
6839 835080
733227 0
298885 896664
3 4
-114622 114623
-856541 856542
-545910 545911
211501 423006
2 3
-333 670
489942 489943
-818195 818196
274526 274527
3 0
-306235 918714
-986484 986485
65235 0
429416 858836
-769916 0
-712429 712430
100217 0
931060 0
-231921 0
-255433 0
1 6
15898 47703
-91267 365084
-138410 276824
-3 4
92377 277140
430598 861200
704661 704662
127855 0
672650 672651
11332 45344
81393 244188
-925189 0
255569 255570
999762 999763
967893 967894
-545337 545338
114454 343371
714727 714728
-771502 771503
231875 927516
916064 916065
-4 0
359313 718630
-329375 329376
-492599 985202
-3 4
351870 703744
2 8
-373291 373292
-686724 0
-84994 935055
257030 514064
1 12
-515681 0
-788130 788131
-119983 0
779367 779368
-2 0
-434196 434197
-416944 833892
287218 861663
226098 678303
0 16
4 0
0 9
-2 3
-862860 862861
0 4
-206009 824052
-459698 0
-732343 0
3 4
666660 0
-369365 369366
502432 0
-3 0
-923604 923605
-2 8
-804299 0
0 9
-682743 682744
-40775 938354
352917 705838
666755 0
1 12
-822919 822920
-164027 492090
-1 6
86373 0
181946 545847
0 9
4 0
-14651 161282
-1 12
-618477 0
-2 3
630773 630774
1 0
-976970 976971
930221 930222
-205221 0
0 9
116694 0
-554547 0
-1 0
990108 990109
601929 0
845306 0
-795045 795046
404868 809740
900203 900204
-117579 0
-155459 621852
-212946 0
434244 0
-2 8
-722458 722459
-233795 701394
-151455 454374
749127 0
-1 6
-31088 124368
165189 495576
1 2
-226956 907840
231747 0
-182301 911530
3 4
831684 0
-128475 513916
0 9
2 3
3 0
-663131 0
-1 2
0 1
2 3
229901 459806
0 1
884858 884859
-33996 67996
-759145 759146
1 6
-809141 0
3 0
-248845 0
-232687 0
867748 0
-223395 0
2 8
892427 0
-445352 890708
-3 4
410968 410969
-367479 367480
1 12
669144 669145
164104 656432
-586211 0
-101676 406720
-695766 695767
-979362 979363
932603 932604
216678 433360
-856693 0
128856 128857
-1 12
-1 0
2 0
-614970 614971
0 9
-3 0
-370226 0
-4 0
722776 0
-488223 976450
30214 30215
-557919 0
-512425 0
833216 0
-157544 630192
440924 0
0 1
2 8
114356 571805
-729563 0
1 6
-4 0
9389 28176
-791920 0
-389659 779322
0 4
290276 870837
318329 954996
-1 6
-112585 0
-681467 0
2 3
-181415 725676
715042 0
357824 715652
0 9
974572 974573
1 0
267764 535532
-563498 0
1 12
-231586 926360
1995 7996
291329 873996
-785187 785188
2467 9884
-453561 907126
3 0
-3 4
-250161 750492
-606610 606611
1 12
499912 999828
307201 614406
214747 429498
-123151 985272
457084 457085
326460 652924
254676 764037
-388423 776850
479158 479159
554701 0
53699 161106
604829 0
-744910 744911
-1 12
3 4
4 0
330054 990171
131578 526328
-185556 556677
473517 473518
-1 12
-2 8
-54326 108656
1 0
-785290 0
27344 766416
-150131 600540
-942975 0
-863629 863630
-269088 538180
-548735 548736
-522449 0
597535 597536
-193710 0
-752676 0
204226 612687
316756 950277
-773548 0
-806759 806760
882584 0
-405614 405615
-889106 889107
1 0
146526 586120
-93029 372132
-2 8
-2 0
-493000 493001
-953030 953031
997666 997667
-137974 275952
0 4
62829 125662
-227050 681159
-312355 624714
2 0
330187 660378
-4 0
-292353 877068
-348160 348161
1 12
-49724 198912
108961 871752
-112196 336597
-125957 251918
-86658 86659
-297970 893919
-572116 0
-447898 895800
368119 736242
-8346 25047
-761949 761950
-521308 521309
-693101 0
3 0
843785 0
-219765 879076
-657105 657106
671084 671085
-2 8
-142781 856722
-625781 625782
151309 151310
-202672 202673
-550165 0
636165 636166
204514 613551
0 9
-174484 697952
145078 580328
-1 6
654782 654783
286931 0
-234867 469738
-237406 949640
316948 950853
0 4
2 8
-665002 0
-4 0
948226 948227
676693 676694
-622871 0
-534556 0
-148841 446532
-4 0
549811 549812
-396947 396948
193936 581817
0 16
-105500 316509
326331 979002
194726 778920
-852046 852047
-234129 936532
-10729 0
-636158 0
-766011 766012
-743401 0
2 3
-264412 264413
199663 598998
817676 0
2 0
127695 255394
988971 0
205626 411256
-951120 951121
308102 924315
331320 662644
602175 0
186853 560568
-662869 662870
300653 601310
387528 387529
-4 0
-847877 0
0 9
370506 741016
-231301 693912
-511836 0
-7285 29156
172396 689600
505192 505193
-945275 0
45084 0
-935282 935283
-390932 390933
-403415 403416
2 8
965386 0
-591172 591173
207485 829956
-806047 806048
-191968 767888
637050 637051
-83904 167812
2 3
-509638 0
755549 755550
555721 0
207888 415780
591671 0
-555566 555567
-457715 0
88851 177706
161282 645144
254705 0
-457685 457686
-141688 566768
549011 549012
118393 355188
-43628 130893
637517 0
-4 0
520418 520419
405970 0
500275 0
229869 229870
321663 321664
1 6
490592 981188
-574567 574568
-256764 770301
0 9
-4 0
111980 335949
1 2
151608 606448
638780 638781
-244660 0
-345268 690540
-481213 0
-165542 662184
3 0
-110980 443936
984288 0
-381742 0
-377172 0
-346059 346060
-968135 0
-13354 53432
-3 4
890659 0
858090 0
116930 233864
-632140 0
529535 529536
180269 721092
-2 8
57222 228904
-176087 704364
-786256 0
909729 0
-136748 410253
0 9
-864120 0
376103 0
-768461 768462
-138253 138254
181525 363054
262423 262424
-904212 904213
970851 0
78044 936672
-285057 0
126600 0
102124 306381
664214 0
985950 0
-597998 0
3 4
16006 0
-3 4
-80187 160378
47557 95118
-1 12
337702 675408
242745 970996
887166 887167
4 0
460666 460667
715232 0
-132131 0
-299292 598588
816932 0
207826 831320
374649 0
-117598 235200
2 3
-753265 0
316401 316402
3 0
3 0
-2 0
543 292918
526098 526099
1 2
-42188 0
-4 0
-925094 0
697827 0
0 1
-761510 761511
-831833 831834
-714818 714819
568036 0
456875 913754
204371 817500
-1 6
516022 516023
-609591 0
1 6
-116212 232428
-601657 0
-4 0
822944 0
-412814 825632
181962 727864
-1 0
166442 0
37740 415261
433902 0
-2 0
-4 0
125748 377253
119497 119498
-1 0
250492 500988
-331933 0
497395 994794
280921 842772
2 8
1 6
-292391 584786
690878 690879
4 0
55296 331812
-853945 853946
181718 0
-258799 776406
32036 128160
40030 40031
259061 777192
-3 0
-673567 673568
3 4
103499 103500
2 3
269329 807996
-9677 9678
-79171 237522
-679409 0
-457594 457595
300631 300632
-4 0
428770 857544
265004 795021
-240090 480184
1 12
-1 6
386223 0
2 0
643643 643644
4 0
0 9
47921 143772
-60606 303055
-52435 52436
1 2
-828825 828826
989564 989565
0 4
3 4
7374 22131
-1 6
-231185 231186
-521435 521436
-447047 0
3 0
1 2
-524140 0
-1 12
52303 104610
-842339 0
2 0
542728 542729
-917248 917249
-54886 219560
785692 785693
-1 0
568222 0
142790 0
-183184 366372
-965036 965037
57878 578880
-156207 312418
-975050 0
-226826 907320
263835 0
433927 433928
62352 623620
249257 249258
-1 0
-531490 531491
-355171 0
174291 348586
-939544 939545
-295816 887457
-685839 0
395469 790942
-4 0
-871962 0
662402 0
180510 541539
278921 0
1 0
4 0
-42323 126978
928041 928042
988181 0
-1 2
-388576 777156
-130668 0
-204520 613569
597552 597553
2 8
1 6
638792 638793
-606469 606470
241608 724833
979623 979624
-1 6
210682 0
1 12
238062 238063
-894253 0
-692003 0
296107 296108
41359 165452
258262 516528
379481 758966
854915 0
7657 587708
83788 837980
-499183 998370
-776009 776010
-39298 117903
-612897 612898
354791 354792
4 0
-2973 11908
79378 238143
-129605 259214
-377218 754440
2 3
836958 836959
399827 399828
2 0
-3 4
1 0
-299874 899631
-523547 0
-2 0
1 0
-6767 742500
627647 627648
-92054 552360
1 0
-60603 60604
-461276 461277
-730979 730980
1 0
-665271 0
-880789 880790
388563 388564
-362598 725200
0 9
4 0
0 4
-915507 915508
198236 594717
-616217 0
150692 301388
0 9
-125792 0
714128 714129
-3 0
365314 730632
-1 0
-194309 388622
99168 297513
-159583 478758
-553148 0
-2 8
-2 8
-487187 487188
-181202 724824
-2 8
5353 21428
-1 2
-378267 756538
-224828 449660
732032 732033
1 6
-4 0
-325636 0
-11138 22280
2 0
144530 867216
-146945 146946
-175068 0
1 6
-155739 155740
424941 849886
158100 0
289644 289645
0 9
3 4
-88977 355924
-843482 843483
-1 12
0 1
175965 527904
826561 826562
-91704 366832
-334673 0
31126 93387
680142 680143
402628 402629
115087 345270
-86872 347504
500951 0
-1 2
14215 42654
-728659 728660
-15600 15601
-26633 79908
61641 123286
-270927 270928
-60244 180741
-290879 872646
2 8
444605 444606
43012 129045
569590 0
336963 673930
-841367 0
108829 761852
65769 0
774548 0
609014 609015
-58033 174108
-241061 0
434676 869356
490424 980852
3 0
-1 2
26974 53952
-91437 365764
215397 430798
858309 0
4 0
-2 3
2 0
705966 705967
192621 577872
-203543 203544
754214 754215
243983 731958
1 6
-28825 0
0 1
-1 2
-3 4
-65815 263276
-957558 0
-29708 59420
-209981 839940
703676 703677
116137 232278
-317584 952761
638296 0
-649992 649993
-2 8
-734422 0
-157840 631376
147985 591956
-221398 442800
3 0
-4 0
-1 2
-814072 814073
-495964 991932
0 16
-1 2
454118 454119
852398 852399
-513860 513861
-816897 816898
197972 791904
364692 729388
41591 416010
-705645 705646
-2 3
12503 0
-999786 0
-2 8
427081 854166
2 3
-808344 0
933708 0
127180 254364
-3 4
266290 798879
728704 0
-562286 562287
-927390 927391
0 9
-776640 776641
639666 639667
-3 4
-247503 742518
58298 58299
28481 113940
-1 0
0 4
-242686 485376
-1 2
-300415 0
-760935 760936
1 0
-311949 623902
3 0
-3 0
759044 759045
-2 8
-203447 406898
1 2
-68407 273644
-684709 684710
423814 423815
-172457 344918
760890 760891
-20900 83616
-1 6
197534 790152
-974719 974720
233075 466154
795046 795047
883443 883444
1 2
-40153 80310
279164 279165
496517 496518
-917897 0
2 3
-1 2
-141700 141701
3 4
-449424 898852
3 0
3 4
-976925 976926
-158218 158219
-3 4
-1 0
-995992 995993
461601 0
612059 0
-495115 990234
-813333 0
-340536 340537
-629409 0
85179 340732
-744268 0
-91873 275628
304407 608818
0 1
861175 0
249093 747288
438049 876102
435227 870458
20336 40676
7754 23271
416512 0
39694 39695
521861 0
-21552 280345
-182991 182992
-249527 0
72493 289988
-1 12
630392 0
-152253 304510
-560199 560200
144486 433467
-558688 558689
686486 0
-2 8
719945 719946
565622 565623
-617144 617145
-174475 348954
-1 2
-220248 220249
313892 941685
106660 0
914513 914514
40173 80350
2 8
-806608 0
236705 236706
-729571 0
-602341 0
683110 683111
-894680 0
223883 895548
-231291 925180
666616 0
37801 226842
576210 576211
-906403 0
-108105 0
863357 0
-123578 494328
118949 475812
-2 0
-250138 500280
286491 572986
0 4
-873166 873167
-758 759
607041 0
-453311 0
-3 4
-537123 537124
797917 797918
-799387 0
-2 3
501644 501645
-345339 345340
722256 0
3 0
1 0
-55887 0
-678575 0
-3 4
-115343 807450
978378 0
-1 2
2 3
-548255 0
283271 0
-2 0
1 0
-127521 0
-403473 806950
160364 160365
-2 3
-2 3
185227 740924
-186074 930395
332273 996828
-363361 726726
-434510 869024
876366 0
373171 746346
528998 0
-272029 272030
56065 224276
-677468 677469
644379 0
232307 464618
121382 242768
2 0
214010 856056
229702 459408
-946553 946554
-821751 821752
-2 3
894687 0
-2 0
439669 0
4 0
776847 0
926307 926308
-162139 648572
85622 428135
201453 604368
-1 0
-882807 0
-20752 0
0 1
-362963 725930
-295253 295254
-472542 945088
0 1
235637 0
-262703 788118
250756 501516
479270 0
324008 972033
797423 797424
33881 813720
-797214 0
1 6
697073 0
-23343 70038
409871 819746
2 3
-563495 0
0 4
114457 457844
93524 561180
-608578 0
-1 2
127009 0
-853116 853117
-452583 452584
137689 550772
-886752 886753
-91677 366724
-716448 0
-408242 408243
772191 0
153886 461667
-233430 933736
-590324 590325
582527 0
1 6
-678507 0
-346300 0
359152 359153
-8417 109590
504218 0
225996 904000
45654 182632
-441649 441650
