7
4
2 2 2 2
96
95 72076 92261 68199 91851 61257 30920 55489 4325 68568 36601 81891 2983 96360 69813 29163 59204 34324 6673 37758 1095 68414 90526 96174 55348 5141 51462 67957 92588 54865 4814 45017 27079 63027 55253 50248 4985 88936 46609 78522 33327 9829 75382 72052 86129 9961 84624 71169 67359 65439 15525 94904 8822 64443 19829 39547 86218 33978 70268 86803 84619 10212 22316 72503 46882 87595 41653 47076 63986 31211 76063 94531 28761 77930 83212 40295 51566 80374 30840 83374 81570 6476 39002 61885 5633 1005 88994 14887 47728 12615 82459 77956 33294 68180 33576 91259
4
52370 78555 52370 52370
3
2 4 5
3
2 3 6
60
5106 73623 20833 80256 83114 18694 55464 13975 30694 5735 2005 95231 61104 35301 49033 59523 5839 44215 65183 90295 14660 62782 47981 34999 86633 3205 89409 87661 53522 86434 76773 26186 44365 43601 10973 76810 1283 81629 44165 84818 67574 75769 60213 57427 21667 61632 52287 79494 5823 33242 38381 76655 79836 60280 98437 85051 5602 3893 81478 53284
100
97290 32430 97290 97290 48645 48645 64860 97290 32430 97290 97290 64860 16215 48645 81075 48645 48645 32430 16215 16215 16215 48645 97290 64860 32430 81075 97290 97290 81075 64860 81075 32430 81075 48645 81075 81075 48645 97290 64860 16215 64860 48645 64860 97290 32430 97290 16215 64860 97290 81075 16215 64860 81075 97290 81075 48645 48645 64860 16215 16215 48645 81075 16215 97290 64860 64860 97290 16215 16215 16215 64860 81075 16215 32430 81075 97290 48645 16215 97290 81075 97290 16215 16215 16215 16215 81075 32430 97290 48645 32430
