35 12 31 30 10 20 22 17 39 481 450 90 390 406 452 74 196 312 142 160 143 220 483 392 443 488 79 234 68 150 356 496 69 88 177 157 288 120 222 270 441 422 103 321 65 316 448 331 117 183 184 128 323 141 467 415 172 48 95 359 239 209 398 99 440 171 86 233 293 162 121 61 317 52 54 273 318 226 421 64 204 444 418 275 263 108 472 149 497 46 97 136 139 200 266 238 493 252 187 364
12 10 17 30 35 20 22 31 39 481 450 90 390 406 452 74 196 312 142 160 143 220 483 392 443 488 79 234 68 150 356 496 69 88 177 157 288 120 222 270 441 422 103 321 65 316 448 331 117 183 184 128 323 141 467 415 172 48 95 359 239 209 398 99 440 171 86 233 293 162 121 61 317 52 54 273 318 226 421 64 204 444 418 275 263 108 472 149 497 46 97 136 139 200 266 238 493 252 187 364
10 12 17 30 35 20 22 31 39 481 450 90 390 406 452 74 196 312 142 160 143 220 483 392 443 488 79 234 68 150 356 496 69 88 177 157 288 120 222 270 441 422 103 321 65 316 448 331 117 183 184 128 323 141 467 415 172 48 95 359 239 209 398 99 440 171 86 233 293 162 121 61 317 52 54 273 318 226 421 64 204 444 418 275 263 108 472 149 497 46 97 136 139 200 266 238 493 252 187 364
10 12 17 30 20 22 31 35 39 481 450 90 390 406 452 74 196 312 142 160 143 220 483 392 443 488 79 234 68 150 356 496 69 88 177 157 288 120 222 270 441 422 103 321 65 316 448 331 117 183 184 128 323 141 467 415 172 48 95 359 239 209 398 99 440 171 86 233 293 162 121 61 317 52 54 273 318 226 421 64 204 444 418 275 263 108 472 149 497 46 97 136 139 200 266 238 493 252 187 364
10 12 17 20 22 30 31 35 39 481 450 90 390 406 452 74 196 312 142 160 143 220 483 392 443 488 79 234 68 150 356 496 69 88 177 157 288 120 222 270 441 422 103 321 65 316 448 331 117 183 184 128 323 141 467 415 172 48 95 359 239 209 398 99 440 171 86 233 293 162 121 61 317 52 54 273 318 226 421 64 204 444 418 275 263 108 472 149 497 46 97 136 139 200 266 238 493 252 187 364
10 12 17 20 22 30 31 35 39 90 74 196 312 142 160 143 220 79 234 68 150 356 69 88 177 157 288 120 222 270 103 321 65 316 331 117 183 184 128 323 141 172 48 95 359 239 209 99 171 86 233 293 162 121 61 317 52 54 273 318 226 64 204 275 263 108 149 46 97 136 139 200 266 238 252 187 364 392 421 448 398 444 418 443 440 488 472 390 497 406 452 450 441 467 415 422 493 481 496 483
10 12 17 20 22 30 31 35 39 90 74 142 160 143 79 68 150 69 88 177 157 120 103 65 117 183 184 128 141 172 48 95 99 171 86 162 121 61 52 54 64 108 149 46 97 136 139 187 316 331 233 293 196 220 288 317 356 323 273 318 226 222 204 275 263 270 312 321 359 239 209 200 266 238 252 234 364 392 421 448 398 444 418 443 440 488 472 390 497 406 452 450 441 467 415 422 493 481 496 483
10 12 17 20 22 30 31 35 39 90 74 79 68 69 88 120 103 65 117 128 48 95 99 86 121 61 52 54 64 108 46 97 136 139 143 162 142 183 184 177 141 172 149 157 160 150 171 187 316 331 233 293 196 220 288 317 356 323 273 318 226 222 204 275 263 270 312 321 359 239 209 200 266 238 252 234 364 392 421 448 398 444 418 443 440 488 472 390 497 406 452 450 441 467 415 422 493 481 496 483
10 12 17 20 22 30 31 35 39 90 74 79 68 69 88 120 103 65 117 128 48 95 99 86 121 61 52 54 64 108 46 97 136 139 143 162 142 183 184 177 141 172 149 157 160 150 171 187 316 331 233 293 196 220 288 317 356 323 273 318 226 222 204 275 263 270 312 321 359 239 209 200 266 238 252 234 364 392 421 448 398 444 418 443 440 488 472 390 497 406 452 450 441 467 415 422 493 481 496 483
10 12 17 20 22 30 31 35 39 90 74 79 68 69 88 65 48 95 86 61 52 54 64 46 97 128 103 120 99 108 117 121 136 139 143 162 142 183 184 177 141 172 149 157 160 150 171 187 316 331 233 293 196 220 288 317 356 323 273 318 226 222 204 275 263 270 312 321 359 239 209 200 266 238 252 234 364 392 421 448 398 444 418 443 440 488 472 390 497 406 452 450 441 467 415 422 493 481 496 483
10 12 17 20 22 30 31 35 39 46 74 79 68 69 88 65 48 95 86 61 52 54 64 90 97 128 103 120 99 108 117 121 136 139 143 162 142 183 184 177 141 172 149 157 160 150 171 187 316 331 233 293 196 220 288 317 356 323 273 318 226 222 204 275 263 270 312 321 359 239 209 200 266 238 252 234 364 392 421 448 398 444 418 443 440 488 472 390 497 406 452 450 441 467 415 422 493 481 496 483
10 12 17 20 22 30 31 35 39 46 74 79 68 69 88 65 48 86 61 52 54 64 90 95 97 128 103 120 99 108 117 121 136 139 143 162 142 183 184 177 141 172 149 157 160 150 171 187 316 331 233 293 196 220 288 317 356 323 273 318 226 222 204 275 263 270 312 321 359 239 209 200 266 238 252 234 364 392 421 448 398 444 418 443 440 488 472 390 497 406 452 450 441 467 415 422 493 481 496 483
10 12 17 20 22 30 31 35 39 46 48 61 52 54 64 65 74 86 79 68 69 88 90 95 97 128 103 120 99 108 117 121 136 139 143 162 142 183 184 177 141 172 149 157 160 150 171 187 316 331 233 293 196 220 288 317 356 323 273 318 226 222 204 275 263 270 312 321 359 239 209 200 266 238 252 234 364 392 421 448 398 444 418 443 440 488 472 390 497 406 452 450 441 467 415 422 493 481 496 483
10 12 17 20 22 30 31 35 39 46 48 52 54 61 64 65 74 86 79 68 69 88 90 95 97 128 103 120 99 108 117 121 136 139 143 162 142 183 184 177 141 172 149 157 160 150 171 187 316 331 233 293 196 220 288 317 356 323 273 318 226 222 204 275 263 270 312 321 359 239 209 200 266 238 252 234 364 392 421 448 398 444 418 443 440 488 472 390 497 406 452 450 441 467 415 422 493 481 496 483
10 12 17 20 22 30 31 35 39 46 48 52 54 61 64 65 74 86 79 68 69 88 90 95 97 128 103 120 99 108 117 121 136 139 143 162 142 183 184 177 141 172 149 157 160 150 171 187 316 331 233 293 196 220 288 317 356 323 273 318 226 222 204 275 263 270 312 321 359 239 209 200 266 238 252 234 364 392 421 448 398 444 418 443 440 488 472 390 497 406 452 450 441 467 415 422 493 481 496 483
10 12 17 20 22 30 31 35 39 46 48 52 54 61 64 65 74 86 79 68 69 88 90 95 97 128 103 120 99 108 117 121 136 139 143 162 142 183 184 177 141 172 149 157 160 150 171 187 316 331 233 293 196 220 288 317 356 323 273 318 226 222 204 275 263 270 312 321 359 239 209 200 266 238 252 234 364 392 421 448 398 444 418 443 440 488 472 390 497 406 452 450 441 467 415 422 493 481 496 483
10 12 17 20 22 30 31 35 39 46 48 52 54 61 64 65 68 69 79 74 86 88 90 95 97 128 103 120 99 108 117 121 136 139 143 162 142 183 184 177 141 172 149 157 160 150 171 187 316 331 233 293 196 220 288 317 356 323 273 318 226 222 204 275 263 270 312 321 359 239 209 200 266 238 252 234 364 392 421 448 398 444 418 443 440 488 472 390 497 406 452 450 441 467 415 422 493 481 496 483
10 12 17 20 22 30 31 35 39 46 48 52 54 61 64 65 68 69 79 74 86 88 90 95 97 128 103 120 99 108 117 121 136 139 143 162 142 183 184 177 141 172 149 157 160 150 171 187 316 331 233 293 196 220 288 317 356 323 273 318 226 222 204 275 263 270 312 321 359 239 209 200 266 238 252 234 364 392 421 448 398 444 418 443 440 488 472 390 497 406 452 450 441 467 415 422 493 481 496 483
10 12 17 20 22 30 31 35 39 46 48 52 54 61 64 65 68 69 79 74 86 88 90 95 97 128 103 120 99 108 117 121 136 139 143 162 142 183 184 177 141 172 149 157 160 150 171 187 316 331 233 293 196 220 288 317 356 323 273 318 226 222 204 275 263 270 312 321 359 239 209 200 266 238 252 234 364 392 421 448 398 444 418 443 440 488 472 390 497 406 452 450 441 467 415 422 493 481 496 483
10 12 17 20 22 30 31 35 39 46 48 52 54 61 64 65 68 69 74 79 86 88 90 95 97 128 103 120 99 108 117 121 136 139 143 162 142 183 184 177 141 172 149 157 160 150 171 187 316 331 233 293 196 220 288 317 356 323 273 318 226 222 204 275 263 270 312 321 359 239 209 200 266 238 252 234 364 392 421 448 398 444 418 443 440 488 472 390 497 406 452 450 441 467 415 422 493 481 496 483
10 12 17 20 22 30 31 35 39 46 48 52 54 61 64 65 68 69 74 79 86 88 90 95 97 103 120 99 108 117 121 128 136 139 143 162 142 183 184 177 141 172 149 157 160 150 171 187 316 331 233 293 196 220 288 317 356 323 273 318 226 222 204 275 263 270 312 321 359 239 209 200 266 238 252 234 364 392 421 448 398 444 418 443 440 488 472 390 497 406 452 450 441 467 415 422 493 481 496 483
10 12 17 20 22 30 31 35 39 46 48 52 54 61 64 65 68 69 74 79 86 88 90 95 97 103 99 108 117 120 121 128 136 139 143 162 142 183 184 177 141 172 149 157 160 150 171 187 316 331 233 293 196 220 288 317 356 323 273 318 226 222 204 275 263 270 312 321 359 239 209 200 266 238 252 234 364 392 421 448 398 444 418 443 440 488 472 390 497 406 452 450 441 467 415 422 493 481 496 483
10 12 17 20 22 30 31 35 39 46 48 52 54 61 64 65 68 69 74 79 86 88 90 95 97 103 99 108 117 120 121 128 136 139 143 162 142 183 184 177 141 172 149 157 160 150 171 187 316 331 233 293 196 220 288 317 356 323 273 318 226 222 204 275 263 270 312 321 359 239 209 200 266 238 252 234 364 392 421 448 398 444 418 443 440 488 472 390 497 406 452 450 441 467 415 422 493 481 496 483
10 12 17 20 22 30 31 35 39 46 48 52 54 61 64 65 68 69 74 79 86 88 90 95 97 99 103 108 117 120 121 128 136 139 143 162 142 183 184 177 141 172 149 157 160 150 171 187 316 331 233 293 196 220 288 317 356 323 273 318 226 222 204 275 263 270 312 321 359 239 209 200 266 238 252 234 364 392 421 448 398 444 418 443 440 488 472 390 497 406 452 450 441 467 415 422 493 481 496 483
10 12 17 20 22 30 31 35 39 46 48 52 54 61 64 65 68 69 74 79 86 88 90 95 97 99 103 108 117 120 121 128 136 139 143 162 142 141 149 157 160 150 171 177 183 172 184 187 316 331 233 293 196 220 288 317 356 323 273 318 226 222 204 275 263 270 312 321 359 239 209 200 266 238 252 234 364 392 421 448 398 444 418 443 440 488 472 390 497 406 452 450 441 467 415 422 493 481 496 483
10 12 17 20 22 30 31 35 39 46 48 52 54 61 64 65 68 69 74 79 86 88 90 95 97 99 103 108 117 120 121 128 136 139 143 142 141 149 150 157 160 162 171 177 183 172 184 187 316 331 233 293 196 220 288 317 356 323 273 318 226 222 204 275 263 270 312 321 359 239 209 200 266 238 252 234 364 392 421 448 398 444 418 443 440 488 472 390 497 406 452 450 441 467 415 422 493 481 496 483
10 12 17 20 22 30 31 35 39 46 48 52 54 61 64 65 68 69 74 79 86 88 90 95 97 99 103 108 117 120 121 128 136 139 143 142 141 149 150 157 160 162 171 177 183 172 184 187 316 331 233 293 196 220 288 317 356 323 273 318 226 222 204 275 263 270 312 321 359 239 209 200 266 238 252 234 364 392 421 448 398 444 418 443 440 488 472 390 497 406 452 450 441 467 415 422 493 481 496 483
10 12 17 20 22 30 31 35 39 46 48 52 54 61 64 65 68 69 74 79 86 88 90 95 97 99 103 108 117 120 121 128 136 139 141 142 143 149 150 157 160 162 171 177 183 172 184 187 316 331 233 293 196 220 288 317 356 323 273 318 226 222 204 275 263 270 312 321 359 239 209 200 266 238 252 234 364 392 421 448 398 444 418 443 440 488 472 390 497 406 452 450 441 467 415 422 493 481 496 483
10 12 17 20 22 30 31 35 39 46 48 52 54 61 64 65 68 69 74 79 86 88 90 95 97 99 103 108 117 120 121 128 136 139 141 142 143 149 150 157 160 162 171 177 183 172 184 187 316 331 233 293 196 220 288 317 356 323 273 318 226 222 204 275 263 270 312 321 359 239 209 200 266 238 252 234 364 392 421 448 398 444 418 443 440 488 472 390 497 406 452 450 441 467 415 422 493 481 496 483
10 12 17 20 22 30 31 35 39 46 48 52 54 61 64 65 68 69 74 79 86 88 90 95 97 99 103 108 117 120 121 128 136 139 141 142 143 149 150 157 160 162 171 177 183 172 184 187 316 331 233 293 196 220 288 317 356 323 273 318 226 222 204 275 263 270 312 321 359 239 209 200 266 238 252 234 364 392 421 448 398 444 418 443 440 488 472 390 497 406 452 450 441 467 415 422 493 481 496 483
10 12 17 20 22 30 31 35 39 46 48 52 54 61 64 65 68 69 74 79 86 88 90 95 97 99 103 108 117 120 121 128 136 139 141 142 143 149 150 157 160 162 171 177 183 172 184 187 316 331 233 293 196 220 288 317 356 323 273 318 226 222 204 275 263 270 312 321 359 239 209 200 266 238 252 234 364 392 421 448 398 444 418 443 440 488 472 390 497 406 452 450 441 467 415 422 493 481 496 483
10 12 17 20 22 30 31 35 39 46 48 52 54 61 64 65 68 69 74 79 86 88 90 95 97 99 103 108 117 120 121 128 136 139 141 142 143 149 150 157 160 162 171 177 183 172 184 187 316 331 233 293 196 220 288 317 356 323 273 318 226 222 204 275 263 270 312 321 359 239 209 200 266 238 252 234 364 392 421 448 398 444 418 443 440 488 472 390 497 406 452 450 441 467 415 422 493 481 496 483
10 12 17 20 22 30 31 35 39 46 48 52 54 61 64 65 68 69 74 79 86 88 90 95 97 99 103 108 117 120 121 128 136 139 141 142 143 149 150 157 160 162 171 172 183 177 184 187 316 331 233 293 196 220 288 317 356 323 273 318 226 222 204 275 263 270 312 321 359 239 209 200 266 238 252 234 364 392 421 448 398 444 418 443 440 488 472 390 497 406 452 450 441 467 415 422 493 481 496 483
10 12 17 20 22 30 31 35 39 46 48 52 54 61 64 65 68 69 74 79 86 88 90 95 97 99 103 108 117 120 121 128 136 139 141 142 143 149 150 157 160 162 171 172 177 183 184 187 316 331 233 293 196 220 288 317 356 323 273 318 226 222 204 275 263 270 312 321 359 239 209 200 266 238 252 234 364 392 421 448 398 444 418 443 440 488 472 390 497 406 452 450 441 467 415 422 493 481 496 483
10 12 17 20 22 30 31 35 39 46 48 52 54 61 64 65 68 69 74 79 86 88 90 95 97 99 103 108 117 120 121 128 136 139 141 142 143 149 150 157 160 162 171 172 177 183 184 187 233 196 220 226 222 204 209 200 234 323 273 318 293 331 316 275 263 270 312 321 359 239 288 317 266 238 252 356 364 392 421 448 398 444 418 443 440 488 472 390 497 406 452 450 441 467 415 422 493 481 496 483
10 12 17 20 22 30 31 35 39 46 48 52 54 61 64 65 68 69 74 79 86 88 90 95 97 99 103 108 117 120 121 128 136 139 141 142 143 149 150 157 160 162 171 172 177 183 184 187 196 200 220 226 222 204 209 233 234 323 273 318 293 331 316 275 263 270 312 321 359 239 288 317 266 238 252 356 364 392 421 448 398 444 418 443 440 488 472 390 497 406 452 450 441 467 415 422 493 481 496 483
10 12 17 20 22 30 31 35 39 46 48 52 54 61 64 65 68 69 74 79 86 88 90 95 97 99 103 108 117 120 121 128 136 139 141 142 143 149 150 157 160 162 171 172 177 183 184 187 196 200 220 226 222 204 209 233 234 323 273 318 293 331 316 275 263 270 312 321 359 239 288 317 266 238 252 356 364 392 421 448 398 444 418 443 440 488 472 390 497 406 452 450 441 467 415 422 493 481 496 483
10 12 17 20 22 30 31 35 39 46 48 52 54 61 64 65 68 69 74 79 86 88 90 95 97 99 103 108 117 120 121 128 136 139 141 142 143 149 150 157 160 162 171 172 177 183 184 187 196 200 204 209 222 220 226 233 234 323 273 318 293 331 316 275 263 270 312 321 359 239 288 317 266 238 252 356 364 392 421 448 398 444 418 443 440 488 472 390 497 406 452 450 441 467 415 422 493 481 496 483
10 12 17 20 22 30 31 35 39 46 48 52 54 61 64 65 68 69 74 79 86 88 90 95 97 99 103 108 117 120 121 128 136 139 141 142 143 149 150 157 160 162 171 172 177 183 184 187 196 200 204 209 222 220 226 233 234 323 273 318 293 331 316 275 263 270 312 321 359 239 288 317 266 238 252 356 364 392 421 448 398 444 418 443 440 488 472 390 497 406 452 450 441 467 415 422 493 481 496 483
10 12 17 20 22 30 31 35 39 46 48 52 54 61 64 65 68 69 74 79 86 88 90 95 97 99 103 108 117 120 121 128 136 139 141 142 143 149 150 157 160 162 171 172 177 183 184 187 196 200 204 209 220 222 226 233 234 323 273 318 293 331 316 275 263 270 312 321 359 239 288 317 266 238 252 356 364 392 421 448 398 444 418 443 440 488 472 390 497 406 452 450 441 467 415 422 493 481 496 483
10 12 17 20 22 30 31 35 39 46 48 52 54 61 64 65 68 69 74 79 86 88 90 95 97 99 103 108 117 120 121 128 136 139 141 142 143 149 150 157 160 162 171 172 177 183 184 187 196 200 204 209 220 222 226 233 234 323 273 318 293 331 316 275 263 270 312 321 239 288 317 266 238 252 356 359 364 392 421 448 398 444 418 443 440 488 472 390 497 406 452 450 441 467 415 422 493 481 496 483
10 12 17 20 22 30 31 35 39 46 48 52 54 61 64 65 68 69 74 79 86 88 90 95 97 99 103 108 117 120 121 128 136 139 141 142 143 149 150 157 160 162 171 172 177 183 184 187 196 200 204 209 220 222 226 233 234 239 238 252 293 331 316 275 263 270 312 321 323 288 317 266 273 318 356 359 364 392 421 448 398 444 418 443 440 488 472 390 497 406 452 450 441 467 415 422 493 481 496 483
10 12 17 20 22 30 31 35 39 46 48 52 54 61 64 65 68 69 74 79 86 88 90 95 97 99 103 108 117 120 121 128 136 139 141 142 143 149 150 157 160 162 171 172 177 183 184 187 196 200 204 209 220 222 226 233 234 238 239 252 293 331 316 275 263 270 312 321 323 288 317 266 273 318 356 359 364 392 421 448 398 444 418 443 440 488 472 390 497 406 452 450 441 467 415 422 493 481 496 483
10 12 17 20 22 30 31 35 39 46 48 52 54 61 64 65 68 69 74 79 86 88 90 95 97 99 103 108 117 120 121 128 136 139 141 142 143 149 150 157 160 162 171 172 177 183 184 187 196 200 204 209 220 222 226 233 234 238 239 252 293 316 275 263 270 312 288 317 266 273 318 323 331 321 356 359 364 392 421 448 398 444 418 443 440 488 472 390 497 406 452 450 441 467 415 422 493 481 496 483
10 12 17 20 22 30 31 35 39 46 48 52 54 61 64 65 68 69 74 79 86 88 90 95 97 99 103 108 117 120 121 128 136 139 141 142 143 149 150 157 160 162 171 172 177 183 184 187 196 200 204 209 220 222 226 233 234 238 239 252 263 270 266 273 316 312 288 317 275 293 318 323 331 321 356 359 364 392 421 448 398 444 418 443 440 488 472 390 497 406 452 450 441 467 415 422 493 481 496 483
10 12 17 20 22 30 31 35 39 46 48 52 54 61 64 65 68 69 74 79 86 88 90 95 97 99 103 108 117 120 121 128 136 139 141 142 143 149 150 157 160 162 171 172 177 183 184 187 196 200 204 209 220 222 226 233 234 238 239 252 263 266 270 273 316 312 288 317 275 293 318 323 331 321 356 359 364 392 421 448 398 444 418 443 440 488 472 390 497 406 452 450 441 467 415 422 493 481 496 483
10 12 17 20 22 30 31 35 39 46 48 52 54 61 64 65 68 69 74 79 86 88 90 95 97 99 103 108 117 120 121 128 136 139 141 142 143 149 150 157 160 162 171 172 177 183 184 187 196 200 204 209 220 222 226 233 234 238 239 252 263 266 270 273 288 275 293 317 312 316 318 323 331 321 356 359 364 392 421 448 398 444 418 443 440 488 472 390 497 406 452 450 441 467 415 422 493 481 496 483
10 12 17 20 22 30 31 35 39 46 48 52 54 61 64 65 68 69 74 79 86 88 90 95 97 99 103 108 117 120 121 128 136 139 141 142 143 149 150 157 160 162 171 172 177 183 184 187 196 200 204 209 220 222 226 233 234 238 239 252 263 266 270 273 275 288 293 317 312 316 318 323 331 321 356 359 364 392 421 448 398 444 418 443 440 488 472 390 497 406 452 450 441 467 415 422 493 481 496 483
10 12 17 20 22 30 31 35 39 46 48 52 54 61 64 65 68 69 74 79 86 88 90 95 97 99 103 108 117 120 121 128 136 139 141 142 143 149 150 157 160 162 171 172 177 183 184 187 196 200 204 209 220 222 226 233 234 238 239 252 263 266 270 273 275 288 293 312 316 317 318 323 331 321 356 359 364 392 421 448 398 444 418 443 440 488 472 390 497 406 452 450 441 467 415 422 493 481 496 483
10 12 17 20 22 30 31 35 39 46 48 52 54 61 64 65 68 69 74 79 86 88 90 95 97 99 103 108 117 120 121 128 136 139 141 142 143 149 150 157 160 162 171 172 177 183 184 187 196 200 204 209 220 222 226 233 234 238 239 252 263 266 270 273 275 288 293 312 316 317 318 321 331 323 356 359 364 392 421 448 398 444 418 443 440 488 472 390 497 406 452 450 441 467 415 422 493 481 496 483
10 12 17 20 22 30 31 35 39 46 48 52 54 61 64 65 68 69 74 79 86 88 90 95 97 99 103 108 117 120 121 128 136 139 141 142 143 149 150 157 160 162 171 172 177 183 184 187 196 200 204 209 220 222 226 233 234 238 239 252 263 266 270 273 275 288 293 312 316 317 318 321 323 331 356 359 364 392 421 448 398 444 418 443 440 488 472 390 497 406 452 450 441 467 415 422 493 481 496 483
10 12 17 20 22 30 31 35 39 46 48 52 54 61 64 65 68 69 74 79 86 88 90 95 97 99 103 108 117 120 121 128 136 139 141 142 143 149 150 157 160 162 171 172 177 183 184 187 196 200 204 209 220 222 226 233 234 238 239 252 263 266 270 273 275 288 293 312 316 317 318 321 323 331 356 359 364 392 421 448 398 444 418 443 440 472 390 406 452 450 441 467 415 422 481 483 493 497 496 488
10 12 17 20 22 30 31 35 39 46 48 52 54 61 64 65 68 69 74 79 86 88 90 95 97 99 103 108 117 120 121 128 136 139 141 142 143 149 150 157 160 162 171 172 177 183 184 187 196 200 204 209 220 222 226 233 234 238 239 252 263 266 270 273 275 288 293 312 316 317 318 321 323 331 356 359 364 392 421 448 398 444 418 443 440 472 390 406 452 450 441 467 415 422 481 483 493 497 496 488
10 12 17 20 22 30 31 35 39 46 48 52 54 61 64 65 68 69 74 79 86 88 90 95 97 99 103 108 117 120 121 128 136 139 141 142 143 149 150 157 160 162 171 172 177 183 184 187 196 200 204 209 220 222 226 233 234 238 239 252 263 266 270 273 275 288 293 312 316 317 318 321 323 331 356 359 364 392 421 398 418 390 406 415 422 472 444 448 452 450 441 467 443 440 481 483 493 497 496 488
10 12 17 20 22 30 31 35 39 46 48 52 54 61 64 65 68 69 74 79 86 88 90 95 97 99 103 108 117 120 121 128 136 139 141 142 143 149 150 157 160 162 171 172 177 183 184 187 196 200 204 209 220 222 226 233 234 238 239 252 263 266 270 273 275 288 293 312 316 317 318 321 323 331 356 359 364 392 398 390 406 415 418 421 422 472 444 448 452 450 441 467 443 440 481 483 493 497 496 488
10 12 17 20 22 30 31 35 39 46 48 52 54 61 64 65 68 69 74 79 86 88 90 95 97 99 103 108 117 120 121 128 136 139 141 142 143 149 150 157 160 162 171 172 177 183 184 187 196 200 204 209 220 222 226 233 234 238 239 252 263 266 270 273 275 288 293 312 316 317 318 321 323 331 356 359 364 392 398 390 406 415 418 421 422 472 444 448 452 450 441 467 443 440 481 483 493 497 496 488
10 12 17 20 22 30 31 35 39 46 48 52 54 61 64 65 68 69 74 79 86 88 90 95 97 99 103 108 117 120 121 128 136 139 141 142 143 149 150 157 160 162 171 172 177 183 184 187 196 200 204 209 220 222 226 233 234 238 239 252 263 266 270 273 275 288 293 312 316 317 318 321 323 331 356 359 364 390 398 392 406 415 418 421 422 472 444 448 452 450 441 467 443 440 481 483 493 497 496 488
10 12 17 20 22 30 31 35 39 46 48 52 54 61 64 65 68 69 74 79 86 88 90 95 97 99 103 108 117 120 121 128 136 139 141 142 143 149 150 157 160 162 171 172 177 183 184 187 196 200 204 209 220 222 226 233 234 238 239 252 263 266 270 273 275 288 293 312 316 317 318 321 323 331 356 359 364 390 392 398 406 415 418 421 422 472 444 448 452 450 441 467 443 440 481 483 493 497 496 488
10 12 17 20 22 30 31 35 39 46 48 52 54 61 64 65 68 69 74 79 86 88 90 95 97 99 103 108 117 120 121 128 136 139 141 142 143 149 150 157 160 162 171 172 177 183 184 187 196 200 204 209 220 222 226 233 234 238 239 252 263 266 270 273 275 288 293 312 316 317 318 321 323 331 356 359 364 390 392 398 406 415 418 421 422 472 444 448 452 450 441 467 443 440 481 483 493 497 496 488
10 12 17 20 22 30 31 35 39 46 48 52 54 61 64 65 68 69 74 79 86 88 90 95 97 99 103 108 117 120 121 128 136 139 141 142 143 149 150 157 160 162 171 172 177 183 184 187 196 200 204 209 220 222 226 233 234 238 239 252 263 266 270 273 275 288 293 312 316 317 318 321 323 331 356 359 364 390 392 398 406 415 418 421 422 440 444 448 452 450 441 467 443 472 481 483 493 497 496 488
10 12 17 20 22 30 31 35 39 46 48 52 54 61 64 65 68 69 74 79 86 88 90 95 97 99 103 108 117 120 121 128 136 139 141 142 143 149 150 157 160 162 171 172 177 183 184 187 196 200 204 209 220 222 226 233 234 238 239 252 263 266 270 273 275 288 293 312 316 317 318 321 323 331 356 359 364 390 392 398 406 415 418 421 422 440 444 448 452 450 441 467 443 472 481 483 493 497 496 488
10 12 17 20 22 30 31 35 39 46 48 52 54 61 64 65 68 69 74 79 86 88 90 95 97 99 103 108 117 120 121 128 136 139 141 142 143 149 150 157 160 162 171 172 177 183 184 187 196 200 204 209 220 222 226 233 234 238 239 252 263 266 270 273 275 288 293 312 316 317 318 321 323 331 356 359 364 390 392 398 406 415 418 421 422 440 441 443 452 450 444 467 448 472 481 483 493 497 496 488
10 12 17 20 22 30 31 35 39 46 48 52 54 61 64 65 68 69 74 79 86 88 90 95 97 99 103 108 117 120 121 128 136 139 141 142 143 149 150 157 160 162 171 172 177 183 184 187 196 200 204 209 220 222 226 233 234 238 239 252 263 266 270 273 275 288 293 312 316 317 318 321 323 331 356 359 364 390 392 398 406 415 418 421 422 440 441 443 444 448 452 467 450 472 481 483 493 497 496 488
10 12 17 20 22 30 31 35 39 46 48 52 54 61 64 65 68 69 74 79 86 88 90 95 97 99 103 108 117 120 121 128 136 139 141 142 143 149 150 157 160 162 171 172 177 183 184 187 196 200 204 209 220 222 226 233 234 238 239 252 263 266 270 273 275 288 293 312 316 317 318 321 323 331 356 359 364 390 392 398 406 415 418 421 422 440 441 443 444 448 450 467 452 472 481 483 493 497 496 488
10 12 17 20 22 30 31 35 39 46 48 52 54 61 64 65 68 69 74 79 86 88 90 95 97 99 103 108 117 120 121 128 136 139 141 142 143 149 150 157 160 162 171 172 177 183 184 187 196 200 204 209 220 222 226 233 234 238 239 252 263 266 270 273 275 288 293 312 316 317 318 321 323 331 356 359 364 390 392 398 406 415 418 421 422 440 441 443 444 448 450 452 467 472 481 483 493 497 496 488
10 12 17 20 22 30 31 35 39 46 48 52 54 61 64 65 68 69 74 79 86 88 90 95 97 99 103 108 117 120 121 128 136 139 141 142 143 149 150 157 160 162 171 172 177 183 184 187 196 200 204 209 220 222 226 233 234 238 239 252 263 266 270 273 275 288 293 312 316 317 318 321 323 331 356 359 364 390 392 398 406 415 418 421 422 440 441 443 444 448 450 452 467 472 481 483 488 497 496 493
10 12 17 20 22 30 31 35 39 46 48 52 54 61 64 65 68 69 74 79 86 88 90 95 97 99 103 108 117 120 121 128 136 139 141 142 143 149 150 157 160 162 171 172 177 183 184 187 196 200 204 209 220 222 226 233 234 238 239 252 263 266 270 273 275 288 293 312 316 317 318 321 323 331 356 359 364 390 392 398 406 415 418 421 422 440 441 443 444 448 450 452 467 472 481 483 488 493 496 497
10 12 17 20 22 30 31 35 39 46 48 52 54 61 64 65 68 69 74 79 86 88 90 95 97 99 103 108 117 120 121 128 136 139 141 142 143 149 150 157 160 162 171 172 177 183 184 187 196 200 204 209 220 222 226 233 234 238 239 252 263 266 270 273 275 288 293 312 316 317 318 321 323 331 356 359 364 390 392 398 406 415 418 421 422 440 441 443 444 448 450 452 467 472 481 483 488 493 496 497
